times = np.array([11.96215251,  8.45615837,  8.56511269,  8.03103911,  8.02288884,
        8.04293656,  8.25138563,  8.26732306,  8.25075301,  8.24769203,
        8.25233278,  8.25198587,  8.26155011,  8.56599671,  8.58252036,
        8.57879915,  8.60459259,  8.57062678,  8.5788826 ,  8.59992526,
        8.59304016,  8.57840365,  8.57962923,  8.62548873,  8.57691634,
        8.56971526,  8.63899481,  8.58629015,  8.68612502,  8.57204754,
        8.57550774,  8.58414121,  8.61676877,  8.66185676,  8.57840679,
        8.63234587])

gammas = np.array([   1.,    2.,    3.,    4.,    5.,    6.,    7.,    8.,    9.,
         10.,   11.,   12.,   13.,   14.,   15.,   16.,   17.,   18.,
         19.,   23.,   34.,   45.,   56.,   67.,   78.,   89.,  100.,
        200.,  300.,  400.,  500.,  600.,  700.,  800.,  900., 1000.])


gammas = np.array([3.        , 3.21052632, 3.42105263, 3.63157895, 3.84210526,
       4.05263158, 4.26315789, 4.47368421, 4.68421053, 4.89473684,
       5.10526316, 5.31578947, 5.52631579, 5.73684211, 5.94736842,
       6.15789474, 6.36842105, 6.57894737, 6.78947368, 7.        ])

times = np.array([ 8.46976733,  8.4036128  , 8.42576214 , 7.97841396 , 8.00521571 , 7.98935601,
  7.98479187 , 7.99218871 , 7.9978195  , 8.00349353 , 7.98234267 , 8.0080256,
  7.96106979 , 8.00126726 , 8.01307727 , 7.99628563 , 8.01483196 , 7.99837286,
  8.00546091 , 8.25067334])






gammas = np.array([3.        , 3.21052632, 3.42105263, 3.63157895, 3.84210526,
       4.05263158, 4.26315789, 4.47368421, 4.68421053, 4.89473684,
       5.10526316, 5.31578947, 5.52631579, 5.73684211, 5.94736842,
       6.15789474, 6.36842105, 6.57894737, 6.78947368, 7.        ])




times = np.array([ 17.29929573 , 17.10831296 , 17.21326141 , 17.20299063 , 17.16542934,
  17.15990052 , 17.17554533,  17.1818773  , 17.19019953 , 17.17378783,
  17.18099596 , 17.20531036 , 17.17550925 , 17.17465288 , 17.18823411,
  17.16594036 , 17.17631989 , 17.19618599 , 17.1969766  , 17.19687827])







