hello world
num  [array([[6, 0, 1],
       [6, 3, 7],
       [10, 5, 5],
       [6, 7, 4]], dtype=object), array([[7, 6, 1],
       [0, 1, 8],
       [2, 1, 10],
       [9, 6, 8]], dtype=object), array([[1, 6, 5],
       [7, 8, 4],
       [6, 10, 5],
       [2, 2, 6]], dtype=object), array([[3, 5, 8],
       [10, 7, 3],
       [7, 7, 9],
       [8, 3, 6]], dtype=object), array([[3, 4, 3],
       [2, 1, 7],
       [4, 6, 1],
       [8, 2, 6]], dtype=object)]
num norm [array([[6, 0, 1],
       [6, 3, 7],
       [10, 5, 5],
       [6, 7, 4]], dtype=object), array([[7, 6, 1],
       [0, 1, 8],
       [2, 1, 10],
       [9, 6, 8]], dtype=object), array([[1, 6, 5],
       [7, 8, 4],
       [6, 10, 5],
       [2, 2, 6]], dtype=object), array([[3, 5, 8],
       [10, 7, 3],
       [7, 7, 9],
       [8, 3, 6]], dtype=object), array([[3, 4, 3],
       [2, 1, 7],
       [4, 6, 1],
       [8, 2, 6]], dtype=object)]
num  [array([[6, 0, 1],
       [6, 3, 7],
       [10, 5, 5],
       [6, 7, 4]], dtype=object), array([[7, 6, 1],
       [0, 1, 8],
       [2, 1, 10],
       [9, 6, 8]], dtype=object), array([[1, 6, 5],
       [7, 8, 4],
       [6, 10, 5],
       [2, 2, 6]], dtype=object), array([[3, 5, 8],
       [10, 7, 3],
       [7, 7, 9],
       [8, 3, 6]], dtype=object), array([[3, 4, 3],
       [2, 1, 7],
       [4, 6, 1],
       [8, 2, 6]], dtype=object)]
num norm [array([[6, 0, 1],
       [6, 3, 7],
       [10, 5, 5],
       [6, 7, 4]], dtype=object), array([[7, 6, 1],
       [0, 1, 8],
       [2, 1, 10],
       [9, 6, 8]], dtype=object), array([[1, 6, 5],
       [7, 8, 4],
       [6, 10, 5],
       [2, 2, 6]], dtype=object), array([[3, 5, 8],
       [10, 7, 3],
       [7, 7, 9],
       [8, 3, 6]], dtype=object), array([[3, 4, 3],
       [2, 1, 7],
       [4, 6, 1],
       [8, 2, 6]], dtype=object)]
num  [array([[20, 21, 18],
       [25, 20, 29],
       [29, 29, 30],
       [33, 20, 30]])]
num norm [array([[20, 21, 18],
       [25, 20, 29],
       [29, 29, 30],
       [33, 20, 30]])]
num  [array([[62337, 61071, 61646],
       [62309, 63608, 58544],
       [60829, 58892, 63400],
       [57003, 63262, 59073]], dtype=object), array([[1648, 2303, 2013],
       [1687, 1019, 3584],
       [2433, 3422, 1135],
       [4379, 1179, 3326]], dtype=object)]
num norm [array([[62337, 61071, 61646],
       [62309, 63608, 58544],
       [60829, 58892, 63400],
       [57003, 63262, 59073]], dtype=object), array([[1648, 2303, 2013],
       [1687, 1019, 3584],
       [2433, 3422, 1135],
       [4379, 1179, 3326]], dtype=object)]
num  [array([[62337, 61071, 61646],
       [62309, 63608, 58544],
       [60829, 58892, 63400],
       [57003, 63262, 59073]], dtype=object), array([[1648, 2303, 2013],
       [1687, 1019, 3584],
       [2433, 3422, 1135],
       [4379, 1179, 3326]], dtype=object)]
num norm [array([[62337, 61071, 61646],
       [62309, 63608, 58544],
       [60829, 58892, 63400],
       [57003, 63262, 59073]], dtype=object), array([[1648, 2303, 2013],
       [1687, 1019, 3584],
       [2433, 3422, 1135],
       [4379, 1179, 3326]], dtype=object)]
num  [array([[ 8336, 11655, 10200],
       [ 8581,  5204, 18095],
       [12323, 17309,  5808],
       [22119,  5978, 16818]])]
num norm [array([[ 8336, 11655, 10200],
       [ 8581,  5204, 18095],
       [12323, 17309,  5808],
       [22119,  5978, 16818]])]
num  [array([[ 96, 140, 135],
       [146, 109, 175],
       [158, 199, 133],
       [224,  83, 188]])]
num norm [array([[ 96, 140, 135],
       [146, 109, 175],
       [158, 199, 133],
       [224,  83, 188]])]
num  [array([[6, 0, 1],
       [6, 3, 7],
       [10, 5, 5],
       [6, 7, 4]], dtype=object), array([[7, 6, 1],
       [0, 1, 8],
       [2, 1, 10],
       [9, 6, 8]], dtype=object), array([[1, 6, 5],
       [7, 8, 4],
       [6, 10, 5],
       [2, 2, 6]], dtype=object), array([[3, 5, 8],
       [10, 7, 3],
       [7, 7, 9],
       [8, 3, 6]], dtype=object), array([[3, 4, 3],
       [2, 1, 7],
       [4, 6, 1],
       [8, 2, 6]], dtype=object)]
num norm [array([[6, 0, 1],
       [6, 3, 7],
       [10, 5, 5],
       [6, 7, 4]], dtype=object), array([[7, 6, 1],
       [0, 1, 8],
       [2, 1, 10],
       [9, 6, 8]], dtype=object), array([[1, 6, 5],
       [7, 8, 4],
       [6, 10, 5],
       [2, 2, 6]], dtype=object), array([[3, 5, 8],
       [10, 7, 3],
       [7, 7, 9],
       [8, 3, 6]], dtype=object), array([[3, 4, 3],
       [2, 1, 7],
       [4, 6, 1],
       [8, 2, 6]], dtype=object)]
num  [array([[6, 0, 1],
       [6, 3, 7],
       [10, 5, 5],
       [6, 7, 4]], dtype=object), array([[7, 6, 1],
       [0, 1, 8],
       [2, 1, 10],
       [9, 6, 8]], dtype=object), array([[1, 6, 5],
       [7, 8, 4],
       [6, 10, 5],
       [2, 2, 6]], dtype=object), array([[3, 5, 8],
       [10, 7, 3],
       [7, 7, 9],
       [8, 3, 6]], dtype=object), array([[3, 4, 3],
       [2, 1, 7],
       [4, 6, 1],
       [8, 2, 6]], dtype=object)]
num norm [array([[6, 0, 1],
       [6, 3, 7],
       [10, 5, 5],
       [6, 7, 4]], dtype=object), array([[7, 6, 1],
       [0, 1, 8],
       [2, 1, 10],
       [9, 6, 8]], dtype=object), array([[1, 6, 5],
       [7, 8, 4],
       [6, 10, 5],
       [2, 2, 6]], dtype=object), array([[3, 5, 8],
       [10, 7, 3],
       [7, 7, 9],
       [8, 3, 6]], dtype=object), array([[3, 4, 3],
       [2, 1, 7],
       [4, 6, 1],
       [8, 2, 6]], dtype=object)]
num  [array([[63947, 63269, 63474],
       [63731, 64412, 62136],
       [63111, 62170, 64282],
       [61295, 64380, 62301]], dtype=object), array([[650, 933, 857],
       [769, 491, 1372],
       [1003, 1380, 553],
       [1719, 481, 1322]], dtype=object)]
num norm [array([[63947, 63269, 63474],
       [63731, 64412, 62136],
       [63111, 62170, 64282],
       [61295, 64380, 62301]], dtype=object), array([[650, 933, 857],
       [769, 491, 1372],
       [1003, 1380, 553],
       [1719, 481, 1322]], dtype=object)]
num  [array([[63947, 63269, 63474],
       [63731, 64412, 62136],
       [63111, 62170, 64282],
       [61295, 64380, 62301]], dtype=object), array([[650, 933, 857],
       [769, 491, 1372],
       [1003, 1380, 553],
       [1719, 481, 1322]], dtype=object)]
num norm [array([[63947, 63269, 63474],
       [63731, 64412, 62136],
       [63111, 62170, 64282],
       [61295, 64380, 62301]], dtype=object), array([[650, 933, 857],
       [769, 491, 1372],
       [1003, 1380, 553],
       [1719, 481, 1322]], dtype=object)]
num  [array([[360, 531, 508],
       [501, 348, 715],
       [583, 773, 404],
       [915, 286, 730]])]
num norm [array([[360, 531, 508],
       [501, 348, 715],
       [583, 773, 404],
       [915, 286, 730]])]
num  [array([[1010, 1464, 1365],
       [1270,  839, 2087],
       [1586, 2153,  957],
       [2634,  767, 2052]])]
num norm [array([[1010, 1464, 1365],
       [1270,  839, 2087],
       [1586, 2153,  957],
       [2634,  767, 2052]])]
num  [array([[14927, 62026, 8514],
       [21551, 40772, 17753],
       [59588, 28047, 38542],
       [61689, 30480, 29558]], dtype=object), array([[8070, 11053, 9217],
       [7219, 4121, 17982],
       [11483, 16480, 4513],
       [21499, 5621, 16202]], dtype=object)]
num norm [array([[14927, 62026, 8514],
       [21551, 40772, 17753],
       [59588, 28047, 38542],
       [61689, 30480, 29558]], dtype=object), array([[8070, 11053, 9217],
       [7219, 4121, 17982],
       [11483, 16480, 4513],
       [21499, 5621, 16202]], dtype=object)]
num  [array([[14927, 62026, 8514],
       [21551, 40772, 17753],
       [59588, 28047, 38542],
       [61689, 30480, 29558]], dtype=object), array([[8070, 11053, 9217],
       [7219, 4121, 17982],
       [11483, 16480, 4513],
       [21499, 5621, 16202]], dtype=object)]
num norm [array([[14927, 62026, 8514],
       [21551, 40772, 17753],
       [59588, 28047, 38542],
       [61689, 30480, 29558]], dtype=object), array([[8070, 11053, 9217],
       [7219, 4121, 17982],
       [11483, 16480, 4513],
       [21499, 5621, 16202]], dtype=object)]
num  [array([[22020, 30429, 25930],
       [20985, 12324, 48517],
       [31861, 45293, 13622],
       [58569, 15532, 44302]])]
num norm [array([[22020, 30429, 25930],
       [20985, 12324, 48517],
       [31861, 45293, 13622],
       [58569, 15532, 44302]])]
num  [array([[13950, 19376, 16713],
       [13766,  8203, 30535],
       [20378, 28813,  9109],
       [37070,  9911, 28100]])]
num norm [array([[13950, 19376, 16713],
       [13766,  8203, 30535],
       [20378, 28813,  9109],
       [37070,  9911, 28100]])]
ans  [array([[20, 21, 18],
       [25, 20, 29],
       [29, 29, 30],
       [33, 20, 30]]), array([[ 8336, 11655, 10200],
       [ 8581,  5204, 18095],
       [12323, 17309,  5808],
       [22119,  5978, 16818]]), array([[ 96, 140, 135],
       [146, 109, 175],
       [158, 199, 133],
       [224,  83, 188]]), array([[360, 531, 508],
       [501, 348, 715],
       [583, 773, 404],
       [915, 286, 730]]), array([[1010, 1464, 1365],
       [1270,  839, 2087],
       [1586, 2153,  957],
       [2634,  767, 2052]]), array([[22020, 30429, 25930],
       [20985, 12324, 48517],
       [31861, 45293, 13622],
       [58569, 15532, 44302]]), array([[13950, 19376, 16713],
       [13766,  8203, 30535],
       [20378, 28813,  9109],
       [37070,  9911, 28100]])]
ans_straight  [matrix([[20, 21, 18],
        [25, 20, 29],
        [29, 29, 30],
        [33, 20, 30]]), matrix([[ 8336, 11655, 10200],
        [ 8581,  5204, 18095],
        [12323, 17309,  5808],
        [22119,  5978, 16818]]), matrix([[ 96, 140, 135],
        [146, 109, 175],
        [158, 199, 133],
        [224,  83, 188]]), matrix([[360, 531, 508],
        [501, 348, 715],
        [583, 773, 404],
        [915, 286, 730]]), matrix([[1010, 1464, 1365],
        [1270,  839, 2087],
        [1586, 2153,  957],
        [2634,  767, 2052]]), matrix([[22020, 30429, 25930],
        [20985, 12324, 48517],
        [31861, 45293, 13622],
        [58569, 15532, 44302]]), matrix([[13950, 19376, 16713],
        [13766,  8203, 30535],
        [20378, 28813,  9109],
        [37070,  9911, 28100]])]