delta  [12355, 61148, 58455, 13092, 28141, 17310, 57419, 48871, 57427, 51373, 23159, 22884, 52050, 48441, 4033, 28120, 38302, 4997]


an  [7, 9, 11, 13, 65522, 17, 19, 21, 23, 65512, 27, 29, 31, 33, 65502, 37, 39, 65496]


j + (i-1) * f + an
an
720
1716
3360
5814
an
1320
2730
4896
7980
an
2184
4080
6840
10626
an
3360
5814
9240
13800
an
63353
64547
65201
65477
an
6840
10626
15600
21924
an
9240
13800
19656
26970
an
12144
17550
24360
32736
an
15600
21924
29760
39270
an
53393
57557
60641
62807
an
24360
32736
42840
54834
an
29760
39270
50616
63960
an
35904
46620
59280
8509
an
42840
54834
3343
19603
an
29633
38567
45881
51737
an
59280
8509
25543
45007
an
3343
19603
38239
59413
an
6257
18917
29633
38567
