hello world
num  [array([[4, 1, 3],
       [5, 2, 2],
       [10, 3, 8],
       [9, 5, 6]], dtype=object), array([[1, 5, 10],
       [8, 1, 1],
       [2, 8, 8],
       [5, 4, 7]], dtype=object), array([[9, 1, 9],
       [1, 9, 6],
       [8, 3, 8],
       [4, 3, 8]], dtype=object), array([[8, 2, 9],
       [7, 10, 2],
       [8, 4, 6],
       [8, 9, 3]], dtype=object), array([[6, 6, 6],
       [1, 4, 0],
       [7, 6, 7],
       [8, 10, 4]], dtype=object)]
num norm [array([[0, 0, 0],
       [0, 0, 0],
       [0, 0, 0],
       [0, 0, 0]], dtype=object)]
num  [array([[4, 1, 3],
       [5, 2, 2],
       [10, 3, 8],
       [9, 5, 6]], dtype=object), array([[1, 5, 10],
       [8, 1, 1],
       [2, 8, 8],
       [5, 4, 7]], dtype=object), array([[9, 1, 9],
       [1, 9, 6],
       [8, 3, 8],
       [4, 3, 8]], dtype=object), array([[8, 2, 9],
       [7, 10, 2],
       [8, 4, 6],
       [8, 9, 3]], dtype=object), array([[6, 6, 6],
       [1, 4, 0],
       [7, 6, 7],
       [8, 10, 4]], dtype=object)]
num norm [array([[0, 0, 0],
       [0, 0, 0],
       [0, 0, 0],
       [0, 0, 0]], dtype=object)]
num  [array([[0, 0, 0],
       [0, 0, 0],
       [0, 0, 0],
       [0, 0, 0]])]
num norm [array([[0, 0, 0],
       [0, 0, 0],
       [0, 0, 0],
       [0, 0, 0]], dtype=object)]
num  [array([[0, 0, 0],
       [0, 0, 0],
       [0, 0, 0],
       [0, 0, 0]])]
num norm [array([[0, 0, 0],
       [0, 0, 0],
       [0, 0, 0],
       [0, 0, 0]], dtype=object)]
num  [array([[0, 0, 0],
       [0, 0, 0],
       [0, 0, 0],
       [0, 0, 0]])]
num norm [array([[0, 0, 0],
       [0, 0, 0],
       [0, 0, 0],
       [0, 0, 0]], dtype=object)]
num  [array([[4, 1, 3],
       [5, 2, 2],
       [10, 3, 8],
       [9, 5, 6]], dtype=object), array([[1, 5, 10],
       [8, 1, 1],
       [2, 8, 8],
       [5, 4, 7]], dtype=object), array([[9, 1, 9],
       [1, 9, 6],
       [8, 3, 8],
       [4, 3, 8]], dtype=object), array([[8, 2, 9],
       [7, 10, 2],
       [8, 4, 6],
       [8, 9, 3]], dtype=object), array([[6, 6, 6],
       [1, 4, 0],
       [7, 6, 7],
       [8, 10, 4]], dtype=object)]
num norm [array([[0, 0, 0],
       [0, 0, 0],
       [0, 0, 0],
       [0, 0, 0]], dtype=object)]
num  [array([[4, 1, 3],
       [5, 2, 2],
       [10, 3, 8],
       [9, 5, 6]], dtype=object), array([[1, 5, 10],
       [8, 1, 1],
       [2, 8, 8],
       [5, 4, 7]], dtype=object), array([[9, 1, 9],
       [1, 9, 6],
       [8, 3, 8],
       [4, 3, 8]], dtype=object), array([[8, 2, 9],
       [7, 10, 2],
       [8, 4, 6],
       [8, 9, 3]], dtype=object), array([[6, 6, 6],
       [1, 4, 0],
       [7, 6, 7],
       [8, 10, 4]], dtype=object)]
num norm [array([[0, 0, 0],
       [0, 0, 0],
       [0, 0, 0],
       [0, 0, 0]], dtype=object)]
num  [array([[0, 0, 0],
       [0, 0, 0],
       [0, 0, 0],
       [0, 0, 0]])]
num norm [array([[0, 0, 0],
       [0, 0, 0],
       [0, 0, 0],
       [0, 0, 0]], dtype=object)]
num  [array([[0, 0, 0],
       [0, 0, 0],
       [0, 0, 0],
       [0, 0, 0]])]
num norm [array([[0, 0, 0],
       [0, 0, 0],
       [0, 0, 0],
       [0, 0, 0]], dtype=object)]
num  [array([[0, 0, 0],
       [0, 0, 0],
       [0, 0, 0],
       [0, 0, 0]])]
num norm [array([[0, 0, 0],
       [0, 0, 0],
       [0, 0, 0],
       [0, 0, 0]], dtype=object)]
num  [array([[0, 0, 0],
       [0, 0, 0],
       [0, 0, 0],
       [0, 0, 0]])]
num norm [array([[0, 0, 0],
       [0, 0, 0],
       [0, 0, 0],
       [0, 0, 0]], dtype=object)]
ans  [array([[0, 0, 0],
       [0, 0, 0],
       [0, 0, 0],
       [0, 0, 0]], dtype=object), array([[0, 0, 0],
       [0, 0, 0],
       [0, 0, 0],
       [0, 0, 0]], dtype=object), array([[0, 0, 0],
       [0, 0, 0],
       [0, 0, 0],
       [0, 0, 0]], dtype=object), array([[0, 0, 0],
       [0, 0, 0],
       [0, 0, 0],
       [0, 0, 0]], dtype=object), array([[0, 0, 0],
       [0, 0, 0],
       [0, 0, 0],
       [0, 0, 0]], dtype=object), array([[0, 0, 0],
       [0, 0, 0],
       [0, 0, 0],
       [0, 0, 0]], dtype=object), array([[0, 0, 0],
       [0, 0, 0],
       [0, 0, 0],
       [0, 0, 0]], dtype=object)]
ans_straight  [matrix([[28, 15, 37],
        [22, 26, 11],
        [35, 24, 37],
        [34, 31, 28]]), matrix([[17602, 15177, 18007],
        [ 4912, 13484,   989],
        [19967, 15984, 19321],
        [22192, 27277, 11080]]), matrix([[202, 127, 227],
        [ 97, 184,  44],
        [222, 159, 216],
        [227, 257, 140]]), matrix([[ 790,  565,  843],
        [ 308,  680,  113],
        [ 871,  648,  833],
        [ 924, 1097,  504]]), matrix([[2200, 1701, 2299],
        [ 757, 1814,  230],
        [2450, 1875, 2344],
        [2653, 3205, 1378]]), matrix([[45940, 40951, 46749],
        [11822, 34274,  1955],
        [52435, 42600, 51029],
        [58698,  6918, 29148]]), matrix([[29260, 25705, 29843],
        [ 7813, 22090,  1418],
        [33306, 26883, 32328],
        [37169, 45797, 18494]])]